AppV2 10.423766 6.000000 0.000000 2.000000 0.000000 0.000000
AppV2 20.423772 12.000000 0.000000 52.000000 0.000000 0.000000
AppV2 30.456263 16.000000 0.000000 126.000000 0.000000 0.000000
AppV2 40.948967 20.000000 0.000000 189.000000 0.000000 0.000000
AppV2 50.948971 24.000000 0.000000 269.000000 0.000000 0.000000
AppV2 60.948972 29.000000 0.000000 361.000000 0.000000 0.000000
AppV2 70.948972 30.000000 0.000000 461.000000 0.000000 0.000000
AppV2 80.948973 30.000000 0.000000 551.000000 0.000000 0.000000
AppV2 91.165048 31.000000 0.000000 625.000000 0.000000 0.000000
AppV2 101.165048 35.000000 0.000000 686.000000 0.000000 0.000000
AppV2 111.165048 38.000000 0.000000 746.000000 0.000000 0.000000
AppV2 121.165049 41.000000 0.000000 843.000000 0.000000 0.000000
AppV2 131.323406 44.000000 2.000000 988.000000 0.000000 0.000000
AppV2 141.414372 46.000000 2.000000 1156.000000 0.000000 0.000000
AppV2 151.414376 47.000000 2.000000 1319.000000 11.000000 11.000000
AppV2 161.456258 49.000000 2.000000 1476.000000 31.000000 31.000000
AppV2 171.456259 49.000000 3.000000 1649.000000 53.000000 53.000000
AppV2 181.456260 50.000000 4.000000 1861.000000 81.000000 81.000000
AppV2 191.456262 52.000000 4.000000 2101.000000 93.000000 93.000000
AppV2 201.456265 58.000000 4.000000 2352.000000 129.000000 129.000000
AppV2 211.503120 62.000000 11.000000 2629.000000 165.000000 165.000000
AppV2 221.503125 64.000000 12.000000 2867.000000 191.000000 191.000000
AppV2 231.520048 67.000000 15.000000 3061.000000 201.000000 201.000000
AppV2 241.520049 70.000000 27.000000 3341.000000 212.000000 212.000000
AppV2 251.536691 73.000000 48.000000 3709.000000 246.000000 248.000000
AppV2 261.549576 75.000000 60.000000 4092.000000 339.000000 346.000000
AppV2 271.610599 77.000000 78.000000 4503.000000 389.000000 397.000000
AppV2 281.649648 78.000000 108.000000 4993.000000 437.000000 445.000000
AppV2 291.654522 81.000000 123.000000 5482.000000 530.000000 538.000000
AppV2 301.654533 84.000000 125.000000 6034.000000 600.000000 608.000000
AppV2 311.661594 87.000000 152.000000 6794.000000 693.000000 702.000000
AppV2 321.662080 89.000000 218.000000 7548.000000 837.000000 849.000000
AppV2 331.686429 89.000000 263.000000 8422.000000 944.000000 956.000000
AppV2 341.687074 91.000000 327.000000 9560.000000 1122.000000 1134.000000
AppV2 351.687075 93.000000 392.000000 10756.000000 1250.000000 1268.000000
AppV2 361.687077 93.000000 435.000000 12004.000000 1453.000000 1476.000000
AppV2 371.687080 95.000000 489.000000 13287.000000 1778.000000 1801.000000
AppV2 381.694504 98.000000 530.000000 14524.000000 2011.000000 2040.000000
AppV2 391.696699 98.000000 583.000000 15810.000000 2235.000000 2271.000000
AppV2 401.696706 98.000000 661.000000 16973.000000 2478.000000 2520.000000
AppV2 411.696708 98.000000 730.000000 18259.000000 2783.000000 2826.000000
AppV2 421.696711 98.000000 794.000000 19567.000000 3075.000000 3125.000000
AppV2 431.739123 97.000000 856.000000 21073.000000 3472.000000 3581.000000
AppV2 441.739124 94.000000 911.000000 22427.000000 3907.000000 4051.000000
AppV2 451.740857 96.000000 966.000000 23882.000000 4313.000000 4470.000000
AppV2 461.746834 99.000000 1041.000000 25335.000000 4584.000000 4752.000000
AppV2 471.746834 101.000000 1120.000000 26860.000000 4869.000000 5041.000000
AppV2 481.754800 106.000000 1198.000000 28238.000000 5257.000000 5432.000000
AppV2 491.754805 105.000000 1327.000000 29695.000000 5613.000000 5796.000000
AppV2 501.757126 104.000000 1498.000000 31217.000000 6080.000000 6266.000000
AppV2 511.757887 102.000000 1701.000000 32785.000000 6507.000000 6699.000000
AppV2 521.766807 103.000000 1836.000000 34202.000000 6908.000000 7105.000000
AppV2 531.766810 105.000000 1942.000000 35622.000000 7423.000000 7629.000000
AppV2 541.780468 104.000000 2100.000000 37140.000000 7747.000000 7958.000000
AppV2 551.780474 106.000000 2199.000000 38511.000000 7994.000000 8206.000000
AppV2 561.789210 105.000000 2260.000000 39741.000000 8294.000000 8525.000000
AppV2 571.789217 106.000000 2319.000000 40914.000000 8617.000000 8883.000000
AppV2 581.798160 107.000000 2440.000000 42234.000000 8920.000000 9230.000000
AppV2 591.798160 107.000000 2509.000000 43403.000000 9096.000000 9426.000000
AppV2 601.804413 112.000000 2604.000000 44784.000000 9287.000000 9656.000000
AppV2 611.811936 109.000000 2635.000000 46023.000000 9484.000000 9886.000000
AppV2 621.818395 109.000000 2708.000000 47249.000000 9642.000000 10064.000000
AppV2 631.819853 108.000000 2776.000000 48521.000000 9832.000000 10281.000000
AppV2 641.831738 111.000000 2812.000000 49719.000000 10021.000000 10474.000000
AppV2 651.837547 111.000000 2865.000000 50977.000000 10241.000000 10698.000000
AppV2 661.842035 109.000000 2908.000000 52281.000000 10445.000000 10920.000000
AppV2 671.865332 109.000000 2964.000000 53776.000000 10638.000000 11127.000000
AppV2 681.866051 110.000000 3065.000000 55226.000000 10786.000000 11285.000000
AppV2 691.866054 107.000000 3145.000000 56488.000000 10943.000000 11456.000000
AppV2 701.866062 104.000000 3209.000000 57577.000000 11023.000000 11540.000000
AppV2 711.874514 106.000000 3307.000000 58705.000000 11083.000000 11601.000000
AppV2 721.903452 104.000000 3366.000000 59643.000000 11138.000000 11660.000000
AppV2 731.933924 106.000000 3432.000000 60627.000000 11231.000000 11754.000000
AppV2 741.948972 108.000000 3519.000000 61696.000000 11330.000000 11853.000000
AppV2 751.972633 108.000000 3570.000000 62789.000000 11404.000000 11928.000000
AppV2 761.981841 111.000000 3632.000000 63945.000000 11472.000000 12001.000000
AppV2 771.981842 112.000000 3666.000000 64891.000000 11580.000000 12125.000000
AppV2 781.981842 110.000000 3738.000000 65757.000000 11672.000000 12229.000000
AppV2 791.985611 112.000000 3808.000000 66608.000000 11790.000000 12355.000000
AppV2 802.046603 112.000000 3907.000000 67616.000000 11937.000000 12516.000000
AppV2 812.046608 112.000000 4010.000000 68602.000000 12093.000000 12691.000000
AppV2 822.051676 110.000000 4138.000000 69552.000000 12232.000000 12844.000000
AppV2 832.062252 108.000000 4265.000000 70486.000000 12341.000000 12981.000000
AppV2 842.089622 108.000000 4386.000000 71571.000000 12514.000000 13164.000000
AppV2 852.108038 105.000000 4507.000000 72735.000000 12638.000000 13290.000000
AppV2 862.108937 106.000000 4549.000000 73810.000000 12743.000000 13403.000000
AppV2 872.187059 105.000000 4664.000000 74886.000000 12849.000000 13515.000000
AppV2 882.187066 105.000000 4768.000000 75770.000000 12922.000000 13591.000000
AppV2 892.187085 101.000000 4841.000000 76697.000000 12990.000000 13667.000000
AppV2 902.244494 104.000000 4931.000000 77783.000000 13097.000000 13776.000000
AppV2 912.246739 105.000000 5022.000000 78862.000000 13193.000000 13872.000000
AppV2 922.246746 106.000000 5079.000000 79997.000000 13281.000000 13970.000000
AppV2 932.325408 105.000000 5134.000000 81074.000000 13358.000000 14051.000000
AppV2 942.329631 107.000000 5207.000000 82070.000000 13444.000000 14142.000000
AppV2 952.329634 111.000000 5287.000000 83093.000000 13499.000000 14199.000000
AppV2 962.345726 114.000000 5327.000000 84110.000000 13545.000000 14252.000000
AppV2 972.345732 115.000000 5397.000000 85291.000000 13656.000000 14370.000000
AppV2 982.355220 116.000000 5433.000000 86401.000000 13784.000000 14503.000000
AppV2 992.409615 119.000000 5484.000000 87499.000000 13908.000000 14636.000000
AppV2 1002.409622 121.000000 5525.000000 88671.000000 13981.000000 14720.000000
AppV2 1012.436373 123.000000 5566.000000 89891.000000 14063.000000 14816.000000
AppV2 1022.436382 123.000000 5601.000000 91168.000000 14164.000000 14920.000000
AppV2 1032.444617 121.000000 5680.000000 92460.000000 14297.000000 15061.000000
AppV2 1042.444623 118.000000 5718.000000 93684.000000 14432.000000 15200.000000
AppV2 1052.445099 122.000000 5749.000000 95069.000000 14540.000000 15320.000000
AppV2 1062.445107 119.000000 5781.000000 96423.000000 14693.000000 15487.000000
AppV2 1072.445285 120.000000 5789.000000 97712.000000 14878.000000 15686.000000
AppV2 1082.448864 119.000000 5858.000000 98885.000000 15087.000000 15911.000000
AppV2 1092.456745 119.000000 5935.000000 99956.000000 15271.000000 16106.000000
AppV2 1102.469614 117.000000 6004.000000 101055.000000 15330.000000 16178.000000
AppV2 1112.483658 117.000000 6061.000000 102133.000000 15428.000000 16300.000000
AppV2 1122.490020 117.000000 6133.000000 103085.000000 15580.000000 16470.000000
AppV2 1132.500394 117.000000 6195.000000 104133.000000 15784.000000 16685.000000
AppV2 1142.522971 114.000000 6255.000000 105434.000000 15980.000000 16892.000000
AppV2 1152.531437 114.000000 6338.000000 106931.000000 16273.000000 17198.000000
AppV2 1162.535715 113.000000 6373.000000 108117.000000 16496.000000 17432.000000
AppV2 1172.535716 111.000000 6461.000000 109356.000000 16716.000000 17665.000000
AppV2 1182.535717 109.000000 6556.000000 110624.000000 16928.000000 17880.000000
AppV2 1192.573744 105.000000 6584.000000 111542.000000 17117.000000 18076.000000
AppV2 1202.642392 105.000000 6627.000000 112461.000000 17307.000000 18270.000000
AppV2 1212.643852 109.000000 6667.000000 113479.000000 17490.000000 18464.000000
AppV2 1222.643855 113.000000 6735.000000 114711.000000 17719.000000 18702.000000
AppV2 1232.643860 113.000000 6837.000000 116102.000000 17877.000000 18865.000000
AppV2 1242.646391 115.000000 6950.000000 117588.000000 18083.000000 19075.000000
AppV2 1252.660052 116.000000 7034.000000 119065.000000 18253.000000 19251.000000
AppV2 1262.698151 113.000000 7131.000000 120363.000000 18359.000000 19382.000000
AppV2 1272.708028 113.000000 7208.000000 121349.000000 18479.000000 19510.000000
AppV2 1282.708030 110.000000 7337.000000 122629.000000 18632.000000 19664.000000
AppV2 1292.722008 108.000000 7403.000000 123774.000000 18849.000000 19882.000000
AppV2 1302.722009 110.000000 7474.000000 124962.000000 18946.000000 19990.000000
AppV2 1312.743040 109.000000 7546.000000 126136.000000 19097.000000 20154.000000
AppV2 1322.754965 108.000000 7635.000000 127450.000000 19263.000000 20328.000000
AppV2 1332.763526 109.000000 7769.000000 128689.000000 19455.000000 20531.000000
AppV2 1342.763529 111.000000 7900.000000 129870.000000 19671.000000 20760.000000
AppV2 1352.763532 110.000000 8003.000000 131027.000000 19800.000000 20906.000000
AppV2 1362.780679 111.000000 8111.000000 132227.000000 19883.000000 21002.000000
AppV2 1372.780687 112.000000 8212.000000 133406.000000 19980.000000 21100.000000
AppV2 1382.798232 111.000000 8275.000000 134763.000000 20064.000000 21186.000000
AppV2 1392.798236 109.000000 8330.000000 136041.000000 20120.000000 21242.000000
AppV2 1402.798240 109.000000 8442.000000 137332.000000 20258.000000 21406.000000
AppV2 1412.822987 113.000000 8516.000000 138553.000000 20393.000000 21570.000000
AppV2 1422.831912 113.000000 8582.000000 139746.000000 20566.000000 21762.000000
AppV2 1432.837647 116.000000 8654.000000 141058.000000 20736.000000 21935.000000
AppV2 1442.842536 117.000000 8741.000000 142303.000000 20833.000000 22039.000000
AppV2 1452.842537 116.000000 8820.000000 143592.000000 20957.000000 22172.000000
AppV2 1462.850137 117.000000 8947.000000 144896.000000 21080.000000 22306.000000
AppV2 1472.851481 120.000000 9072.000000 146473.000000 21254.000000 22487.000000
AppV2 1482.851492 112.000000 9241.000000 148124.000000 21413.000000 22651.000000
AppV2 1492.866754 111.000000 9392.000000 149499.000000 21650.000000 22889.000000
AppV2 1502.868625 109.000000 9520.000000 150739.000000 21965.000000 23219.000000
AppV2 1512.868627 109.000000 9619.000000 152215.000000 22454.000000 23722.000000
AppV2 1522.871979 109.000000 9708.000000 153756.000000 22964.000000 24235.000000
AppV2 1532.939564 107.000000 9826.000000 155243.000000 23488.000000 24773.000000
AppV2 1542.943653 108.000000 9908.000000 156726.000000 24060.000000 25363.000000
AppV2 1552.959449 111.000000 10007.000000 158146.000000 24560.000000 25877.000000
AppV2 1562.984838 109.000000 10115.000000 159443.000000 24948.000000 26277.000000
AppV2 1572.995416 109.000000 10196.000000 160663.000000 25277.000000 26617.000000
AppV2 1582.995418 109.000000 10274.000000 161919.000000 25603.000000 26949.000000
AppV2 1592.995421 110.000000 10359.000000 163446.000000 26027.000000 27391.000000
AppV2 1602.995423 109.000000 10415.000000 165156.000000 26506.000000 27882.000000
AppV2 1613.016818 109.000000 10467.000000 166567.000000 26845.000000 28233.000000
AppV2 1623.018223 107.000000 10538.000000 167669.000000 27138.000000 28533.000000
AppV2 1633.022127 106.000000 10605.000000 168983.000000 27370.000000 28770.000000
AppV2 1643.022138 106.000000 10661.000000 170191.000000 27643.000000 29061.000000
AppV2 1653.041433 107.000000 10720.000000 171319.000000 27872.000000 29300.000000
AppV2 1663.041443 105.000000 10789.000000 172461.000000 28070.000000 29504.000000
AppV2 1673.058451 106.000000 10879.000000 173522.000000 28408.000000 29843.000000
AppV2 1683.058458 107.000000 10950.000000 174523.000000 28608.000000 30045.000000
AppV2 1693.070724 110.000000 11001.000000 175543.000000 28726.000000 30164.000000
AppV2 1703.070726 110.000000 11081.000000 176578.000000 28809.000000 30247.000000
AppV2 1713.072457 112.000000 11195.000000 177769.000000 28868.000000 30312.000000
AppV2 1723.097448 113.000000 11332.000000 179046.000000 28968.000000 30419.000000
AppV2 1733.097450 112.000000 11432.000000 180307.000000 29097.000000 30555.000000
AppV2 1743.097450 110.000000 11542.000000 181440.000000 29185.000000 30644.000000
AppV2 1753.128449 111.000000 11679.000000 182587.000000 29227.000000 30689.000000
AppV2 1763.128458 111.000000 11791.000000 183674.000000 29290.000000 30756.000000
AppV2 1773.139099 111.000000 11877.000000 184928.000000 29327.000000 30796.000000
AppV2 1783.139104 112.000000 11949.000000 186326.000000 29441.000000 30942.000000
AppV2 1793.163782 113.000000 12032.000000 187569.000000 29540.000000 31045.000000
