mdaV2 10.423766 0 6 0.000000 0 0 0.000000
mdaV2 10.423766 0 6 0.000000 0 0 0.000000
mdaV2 20.423772 0 11 0.000000 0 1 0.000000
mdaV2 20.423772 0 11 0.000000 0 1 0.000000
mdaV2 30.456263 0 15 0.000000 0 1 0.000000
mdaV2 30.456263 0 15 0.000000 0 1 0.000000
mdaV2 40.948967 0 19 0.000000 0 2 0.000000
mdaV2 40.948967 0 19 0.000000 0 2 0.000000
mdaV2 50.948971 0 23 0.000000 0 2 0.000000
mdaV2 50.948971 0 23 0.000000 0 2 0.000000
mdaV2 60.948972 0 27 0.000000 0 3 0.000000
mdaV2 60.948972 0 27 0.000000 0 3 0.000000
mdaV2 70.948972 0 28 0.000000 0 3 0.000000
mdaV2 70.948972 0 28 0.000000 0 3 0.000000
mdaV2 80.948973 0 28 0.000000 0 3 0.000000
mdaV2 80.948973 0 28 0.000000 0 3 0.000000
mdaV2 91.165048 0 29 0.000000 0 3 0.000000
mdaV2 91.165048 0 29 0.000000 0 3 0.000000
mdaV2 101.165048 0 33 0.000000 0 3 0.000000
mdaV2 101.165048 0 33 0.000000 0 3 0.000000
mdaV2 111.165048 0 35 0.000000 0 4 0.000000
mdaV2 111.165048 0 35 0.000000 0 4 0.000000
mdaV2 121.165049 0 38 0.000000 0 4 0.000000
mdaV2 121.165049 0 38 0.000000 0 4 0.000000
mdaV2 131.323406 2 41 81.708930 0 4 0.000000
mdaV2 131.323406 2 41 81.708930 0 4 0.000000
mdaV2 141.414372 2 43 81.708930 0 6 0.000000
mdaV2 141.414372 2 43 81.708930 0 6 0.000000
mdaV2 151.414376 2 44 81.708930 11 26 0.000113
mdaV2 151.414376 2 44 81.708930 11 26 0.000113
mdaV2 161.456258 2 46 81.708930 31 46 0.000112
mdaV2 161.456258 2 46 81.708930 31 46 0.000112
mdaV2 171.456259 2 46 81.708930 52 66 3.013088
mdaV2 171.456259 2 46 81.708930 52 66 3.013088
mdaV2 181.456260 3 48 98.769763 70 86 2.238323
mdaV2 181.456260 3 48 98.769763 70 86 2.238323
mdaV2 191.456262 3 50 98.769763 71 104 3.329726
mdaV2 191.456262 3 50 98.769763 71 104 3.329726
mdaV2 201.456265 3 55 98.769763 71 105 3.329726
mdaV2 201.456265 3 55 98.769763 71 105 3.329726
mdaV2 211.503120 6 59 124.603460 72 105 3.379364
mdaV2 211.503120 6 59 124.603460 72 105 3.379364
mdaV2 221.503125 7 61 117.523031 72 105 3.379364
mdaV2 221.503125 7 61 117.523031 72 105 3.379364
mdaV2 231.520048 9 63 121.425965 72 106 3.379364
mdaV2 231.520048 9 63 121.425965 72 106 3.379364
mdaV2 241.520049 10 68 133.313133 72 106 3.379364
mdaV2 241.520049 10 68 133.313133 72 106 3.379364
mdaV2 251.536691 14 70 142.367848 73 107 3.338765
mdaV2 251.536691 14 70 142.367848 73 107 3.338765
mdaV2 261.549576 15 72 143.075229 73 107 3.338765
mdaV2 261.549576 15 72 143.075229 73 107 3.338765
mdaV2 271.610599 18 74 146.335606 74 107 3.846078
mdaV2 271.610599 18 74 146.335606 74 107 3.846078
mdaV2 281.649648 19 75 145.201126 74 107 3.846078
mdaV2 281.649648 19 75 145.201126 74 107 3.846078
mdaV2 291.654522 20 78 142.214442 74 107 3.846078
mdaV2 291.654522 20 78 142.214442 74 107 3.846078
mdaV2 301.654533 22 80 134.085895 74 108 3.846078
mdaV2 301.654533 22 80 134.085895 74 108 3.846078
mdaV2 311.661594 25 83 130.727777 74 108 3.846078
mdaV2 311.661594 25 83 130.727777 74 108 3.846078
mdaV2 321.662080 28 85 129.303608 74 108 3.846078
mdaV2 321.662080 28 85 129.303608 74 108 3.846078
mdaV2 331.686429 30 86 127.835429 76 108 7.796187
mdaV2 331.686429 30 86 127.835429 76 108 7.796187
mdaV2 341.687074 32 88 120.812737 94 108 35.618694
mdaV2 341.687074 32 88 120.812737 94 108 35.618694
mdaV2 351.687075 33 90 121.475141 102 109 47.328582
mdaV2 351.687075 33 90 121.475141 102 109 47.328582
mdaV2 361.687077 36 91 119.773267 102 109 47.328582
mdaV2 361.687077 36 91 119.773267 102 109 47.328582
mdaV2 371.687080 40 93 120.687089 103 110 46.850517
mdaV2 371.687080 40 93 120.687089 103 110 46.850517
mdaV2 381.694504 41 96 118.063140 104 111 46.377281
mdaV2 381.694504 41 96 118.063140 104 111 46.377281
mdaV2 391.696699 45 98 117.239779 109 120 44.049046
mdaV2 391.696699 45 98 117.239779 109 120 44.049046
mdaV2 401.696706 47 100 115.566984 113 126 42.199984
mdaV2 401.696706 47 100 115.566984 113 126 42.199984
mdaV2 411.696708 49 101 119.932929 119 132 39.699593
mdaV2 411.696708 49 101 119.932929 119 132 39.699593
mdaV2 421.696711 53 102 127.081611 126 139 36.806142
mdaV2 421.696711 53 102 127.081611 126 139 36.806142
mdaV2 431.739123 56 104 130.022002 134 147 33.756658
mdaV2 431.739123 56 104 130.022002 134 147 33.756658
mdaV2 441.739124 57 105 131.842901 140 153 31.636528
mdaV2 441.739124 57 105 131.842901 140 153 31.636528
mdaV2 451.740857 59 108 134.902931 146 162 29.624811
mdaV2 451.740857 59 108 134.902931 147 162 29.299265
mdaV2 461.746834 60 111 132.847701 152 168 27.720993
mdaV2 461.746834 60 111 132.847701 152 168 27.720993
mdaV2 471.746834 60 115 132.847701 158 175 25.916970
mdaV2 471.746834 60 115 132.847701 158 175 25.916970
mdaV2 481.754800 61 120 132.874085 165 183 23.927457
mdaV2 481.754800 61 120 132.874085 165 183 23.927457
mdaV2 491.754805 67 120 125.017788 171 190 22.335794
mdaV2 491.754805 67 120 125.017788 171 190 22.335794
mdaV2 501.757126 67 122 125.017788 177 197 20.838994
mdaV2 501.757126 67 122 125.017788 177 197 20.838994
mdaV2 511.757887 69 124 129.217939 184 204 19.200842
mdaV2 511.757887 69 124 129.217939 184 204 19.200842
mdaV2 521.766807 70 126 128.831825 192 212 18.343326
mdaV2 521.766807 70 126 128.831825 192 212 18.343326
mdaV2 531.766810 72 128 127.532320 193 212 19.793971
mdaV2 531.766810 72 128 127.532320 193 212 19.793971
mdaV2 541.780468 72 128 127.532320 197 212 24.433211
mdaV2 541.780468 72 128 127.532320 197 212 24.433211
mdaV2 551.780474 73 130 126.929649 198 212 25.729629
mdaV2 551.780474 73 130 126.929649 198 212 25.729629
mdaV2 561.789210 73 131 126.929649 198 212 25.729629
mdaV2 561.789210 73 131 126.929649 198 212 25.729629
mdaV2 571.789217 76 132 122.295590 198 212 25.729629
mdaV2 571.789217 76 132 122.295590 198 212 25.729629
mdaV2 581.798160 79 135 121.080779 198 213 25.729629
mdaV2 581.798160 79 135 121.080779 198 213 25.729629
mdaV2 591.798160 81 138 119.626832 199 213 27.022860
mdaV2 591.798160 81 138 119.626832 199 213 27.022860
mdaV2 601.804413 84 142 115.476671 199 214 27.022860
mdaV2 601.804413 84 142 115.476671 199 214 27.022860
mdaV2 611.811936 85 143 113.966755 200 214 27.748777
mdaV2 611.811936 85 143 113.966755 200 214 27.748777
mdaV2 621.818395 86 145 113.805693 200 214 27.748777
mdaV2 621.818395 86 145 113.805693 200 214 27.748777
mdaV2 631.819853 88 147 113.936294 200 214 27.748777
mdaV2 631.819853 88 147 113.936294 200 214 27.748777
mdaV2 641.831738 88 151 113.936294 200 214 27.748777
mdaV2 641.831738 88 151 113.936294 200 214 27.748777
mdaV2 651.837547 89 152 112.408867 202 215 29.254947
mdaV2 651.837547 89 152 112.408867 202 215 29.254947
mdaV2 661.842035 91 153 112.652760 202 215 29.254947
mdaV2 661.842035 91 153 112.652760 202 215 29.254947
mdaV2 671.865332 93 155 114.332960 202 215 29.254947
mdaV2 671.865332 93 155 114.332960 202 215 29.254947
mdaV2 681.866051 95 156 111.730701 202 215 29.254947
mdaV2 681.866051 95 156 111.730701 202 215 29.254947
mdaV2 691.866054 97 157 109.543254 202 215 29.254947
mdaV2 691.866054 97 157 109.543254 202 215 29.254947
mdaV2 701.866062 98 157 108.641866 202 215 29.254947
mdaV2 701.866062 98 157 108.641866 202 215 29.254947
mdaV2 711.874514 98 159 108.641866 202 215 29.254947
mdaV2 711.874514 98 159 108.641866 202 215 29.254947
mdaV2 721.903452 99 160 107.594734 202 215 29.254947
mdaV2 721.903452 99 160 107.594734 202 215 29.254947
mdaV2 731.933924 100 162 106.212618 202 217 29.254947
mdaV2 731.933924 100 162 106.212618 202 217 29.254947
mdaV2 741.948972 101 165 106.423663 202 217 29.254947
mdaV2 741.948972 101 165 106.423663 202 217 29.254947
mdaV2 751.972633 101 166 106.423663 202 217 29.254947
mdaV2 751.972633 101 166 106.423663 202 217 29.254947
mdaV2 761.981841 102 171 104.791436 204 218 29.833306
mdaV2 761.981841 102 171 104.791436 204 218 29.833306
mdaV2 771.981842 103 176 103.401221 207 238 28.777692
mdaV2 771.981842 103 176 103.401221 207 238 28.777692
mdaV2 781.981842 105 176 101.022770 208 258 28.393991
mdaV2 781.981842 105 176 101.022770 208 258 28.393991
mdaV2 791.985611 108 178 102.946026 211 279 26.631189
mdaV2 791.985611 108 178 102.946026 211 279 26.631189
mdaV2 802.046603 110 179 103.740406 224 299 18.774033
mdaV2 802.046603 110 179 103.740406 224 299 18.774033
mdaV2 812.046608 112 180 109.163146 238 318 12.399282
mdaV2 812.046608 112 180 109.163146 238 318 12.399282
mdaV2 822.051676 114 180 110.714204 252 318 23.366191
mdaV2 822.051676 114 180 110.714204 252 318 23.366191
mdaV2 832.062252 115 182 109.336796 262 318 27.958246
mdaV2 832.062252 115 182 109.336796 262 318 27.958246
mdaV2 842.089622 119 187 114.712575 264 318 28.692975
mdaV2 842.089622 119 187 114.712575 264 318 28.692975
mdaV2 852.108038 119 188 114.712575 266 319 28.581349
mdaV2 852.108038 119 188 114.712575 266 319 28.581349
mdaV2 862.108937 120 191 112.918810 266 319 28.581349
mdaV2 862.108937 120 191 112.918810 266 319 28.581349
mdaV2 872.187059 122 192 109.706197 266 319 28.581349
mdaV2 872.187059 122 192 109.706197 266 319 28.581349
mdaV2 882.187066 122 193 109.706197 266 319 28.581349
mdaV2 882.187066 122 193 109.706197 266 319 28.581349
mdaV2 892.187085 123 196 108.684454 266 319 28.581349
mdaV2 892.187085 123 196 108.684454 266 319 28.581349
mdaV2 902.244494 123 201 108.684454 266 320 28.581349
mdaV2 902.244494 123 201 108.684454 266 320 28.581349
mdaV2 912.246739 125 203 105.304867 266 320 28.581349
mdaV2 912.246739 125 203 105.304867 266 320 28.581349
mdaV2 922.246746 125 205 105.304867 266 321 28.581349
mdaV2 922.246746 125 205 105.304867 266 321 28.581349
mdaV2 932.325408 125 208 105.304867 266 321 28.581349
mdaV2 932.325408 125 208 105.304867 266 321 28.581349
mdaV2 942.329631 125 211 105.304867 266 321 28.581349
mdaV2 942.329631 125 211 105.304867 266 321 28.581349
mdaV2 952.329634 127 215 101.983159 266 334 28.581349
mdaV2 952.329634 127 215 101.983159 266 334 28.581349
mdaV2 962.345726 129 219 103.298523 266 354 28.581349
mdaV2 962.345726 129 219 103.298523 266 354 28.581349
mdaV2 972.345732 130 221 101.685854 271 374 24.611733
mdaV2 972.345732 130 221 101.685854 271 374 24.611733
mdaV2 982.355220 133 224 99.306380 291 395 15.075527
mdaV2 982.355220 133 224 99.306380 291 395 15.075527
mdaV2 992.409615 135 227 96.717013 311 415 9.679634
mdaV2 992.409615 135 227 96.717013 311 415 9.679634
mdaV2 1002.409622 136 229 96.752681 319 422 9.184031
mdaV2 1002.409622 136 229 96.752681 319 422 9.184031
mdaV2 1012.436373 137 232 94.867894 321 422 10.668252
mdaV2 1012.436373 137 232 94.867894 321 422 10.668252
mdaV2 1022.436382 142 233 94.556914 336 423 19.189172
mdaV2 1022.436382 142 233 94.556914 336 423 19.189172
mdaV2 1032.444617 143 234 101.222878 336 423 19.189172
mdaV2 1032.444617 143 234 101.222878 336 423 19.189172
mdaV2 1042.444623 143 235 101.222878 336 423 19.189172
mdaV2 1042.444623 143 235 101.222878 336 423 19.189172
mdaV2 1052.445099 144 239 99.617421 347 423 30.300677
mdaV2 1052.445099 144 239 99.617421 347 423 30.300677
mdaV2 1062.445107 146 239 97.169164 365 423 43.102614
mdaV2 1062.445107 146 239 97.169164 365 423 43.102614
mdaV2 1072.445285 147 241 101.303434 367 424 42.802314
mdaV2 1072.445285 147 241 101.303434 367 424 42.802314
mdaV2 1082.448864 149 243 104.652402 367 424 42.802314
mdaV2 1082.448864 149 243 104.652402 367 424 42.802314
mdaV2 1092.456745 149 247 104.652402 367 424 42.802314
mdaV2 1092.456745 149 247 104.652402 367 424 42.802314
mdaV2 1102.469614 150 248 102.798235 367 424 42.802314
mdaV2 1102.469614 150 248 102.798235 367 424 42.802314
mdaV2 1112.483658 151 249 107.520082 367 424 42.802314
mdaV2 1112.483658 151 249 107.520082 367 424 42.802314
mdaV2 1122.490020 155 250 107.616211 367 425 42.802314
mdaV2 1122.490020 155 250 107.616211 367 425 42.802314
mdaV2 1132.500394 158 253 106.184078 367 425 42.802314
mdaV2 1132.500394 158 253 106.184078 367 425 42.802314
mdaV2 1142.522971 159 254 104.329089 367 425 42.802314
mdaV2 1142.522971 159 254 104.329089 367 425 42.802314
mdaV2 1152.531437 161 256 101.111602 367 425 42.802314
mdaV2 1152.531437 161 256 101.111602 367 425 42.802314
mdaV2 1162.535715 161 257 101.111602 367 425 42.802314
mdaV2 1162.535715 161 257 101.111602 367 425 42.802314
mdaV2 1172.535716 161 257 101.111602 368 425 44.221446
mdaV2 1172.535716 161 257 101.111602 368 425 44.221446
mdaV2 1182.535717 163 259 103.654334 368 426 44.221446
mdaV2 1182.535717 163 259 103.654334 368 426 44.221446
mdaV2 1192.573744 163 259 103.654334 369 427 43.831432
mdaV2 1192.573744 163 259 103.654334 369 427 43.831432
mdaV2 1202.642392 164 261 107.359901 369 427 43.831432
mdaV2 1202.642392 164 261 107.359901 369 427 43.831432
mdaV2 1212.643852 165 266 110.413490 370 430 43.379563
mdaV2 1212.643852 165 266 110.413490 370 430 43.379563
mdaV2 1222.643855 170 270 102.086816 370 433 43.379563
mdaV2 1222.643855 170 270 102.086816 370 433 43.379563
mdaV2 1232.643860 174 271 100.564118 374 435 41.727686
mdaV2 1232.643860 174 271 100.564118 374 435 41.727686
mdaV2 1242.646391 177 275 98.713861 375 438 41.309501
mdaV2 1242.646391 177 275 98.713861 375 438 41.309501
mdaV2 1252.660052 177 277 98.713861 377 441 41.798802
mdaV2 1252.660052 177 277 98.713861 377 441 41.798802
mdaV2 1262.698151 179 280 95.708540 379 445 40.886213
mdaV2 1262.698151 179 280 95.708540 379 445 40.886213
mdaV2 1272.708028 180 282 94.065923 381 448 39.983822
mdaV2 1272.708028 180 282 94.065923 381 448 39.983822
mdaV2 1282.708030 181 282 92.500415 381 451 39.983822
mdaV2 1282.708030 181 282 92.500415 381 451 39.983822
mdaV2 1292.722008 181 285 92.500415 381 453 39.983822
mdaV2 1292.722008 181 285 92.500415 381 453 39.983822
mdaV2 1302.722009 184 287 90.474834 386 459 37.705514
mdaV2 1302.722009 184 287 90.474834 386 459 37.705514
mdaV2 1312.743040 185 287 89.986168 387 463 37.245692
mdaV2 1312.743040 185 287 89.986168 387 463 37.245692
mdaV2 1322.754965 185 287 89.986168 390 465 36.005129
mdaV2 1322.754965 185 287 89.986168 390 465 36.005129
mdaV2 1332.763526 187 291 89.109231 395 470 33.836801
mdaV2 1332.763526 187 291 89.109231 395 470 33.836801
mdaV2 1342.763529 188 293 87.721738 399 474 32.196543
mdaV2 1342.763529 188 293 87.721738 399 474 32.196543
mdaV2 1352.763532 190 295 91.223858 404 479 30.257579
mdaV2 1352.763532 190 295 91.223858 404 479 30.257579
mdaV2 1362.780679 190 298 91.223858 407 482 29.209644
mdaV2 1362.780679 190 298 91.223858 407 482 29.209644
mdaV2 1372.780687 191 300 89.742377 409 485 29.976265
mdaV2 1372.780687 191 300 89.742377 409 485 29.976265
mdaV2 1382.798232 191 302 89.742377 409 488 29.976265
mdaV2 1382.798232 191 302 89.742377 409 488 29.976265
mdaV2 1392.798236 191 304 89.742377 411 489 29.275853
mdaV2 1392.798236 191 304 89.742377 411 489 29.275853
mdaV2 1402.798240 193 306 90.356958 421 507 26.846616
mdaV2 1402.798240 193 306 90.356958 421 507 26.846616
mdaV2 1412.822987 193 310 90.356958 425 531 25.239451
mdaV2 1412.822987 193 310 90.356958 425 531 25.239451
mdaV2 1422.831912 194 312 89.499386 427 554 24.305796
mdaV2 1422.831912 194 312 89.499386 427 554 24.305796
mdaV2 1432.837647 195 317 88.346401 430 578 22.405376
mdaV2 1432.837647 195 317 88.346401 430 578 22.405376
mdaV2 1442.842536 196 320 88.006122 431 601 21.338459
mdaV2 1442.842536 196 320 88.006122 431 601 21.338459
mdaV2 1452.842537 197 321 86.538456 433 613 18.890796
mdaV2 1452.842537 197 321 86.538456 433 613 18.890796
mdaV2 1462.850137 199 324 83.424858 436 616 14.988603
mdaV2 1462.850137 199 324 83.424858 436 616 14.988603
mdaV2 1472.851481 199 329 83.424858 443 623 9.423680
mdaV2 1472.851481 199 329 83.424858 443 623 9.423680
mdaV2 1482.851492 200 329 84.343840 444 625 8.927703
mdaV2 1482.851492 200 329 84.343840 444 625 8.927703
mdaV2 1492.866754 202 329 81.896171 448 629 11.722904
mdaV2 1492.866754 202 329 81.896171 448 629 11.722904
mdaV2 1502.868625 202 330 81.896171 450 631 10.905081
mdaV2 1502.868625 202 330 81.896171 450 631 10.905081
mdaV2 1512.868627 202 331 81.896171 450 637 10.905081
mdaV2 1512.868627 202 331 81.896171 450 637 10.905081
mdaV2 1522.871979 204 334 91.667326 464 637 43.729566
mdaV2 1522.871979 204 334 91.667326 464 637 43.729566
mdaV2 1532.939564 204 335 91.667326 484 637 63.133202
mdaV2 1532.939564 204 335 91.667326 484 637 63.133202
mdaV2 1542.943653 206 337 95.508049 507 637 69.254467
mdaV2 1542.943653 206 337 95.508049 507 637 69.254467
mdaV2 1552.959449 210 340 92.277800 515 638 72.018121
mdaV2 1552.959449 210 340 92.277800 515 638 72.018121
mdaV2 1562.984838 214 342 98.612149 515 638 72.018121
mdaV2 1562.984838 214 342 98.612149 515 638 72.018121
mdaV2 1572.995416 214 343 98.612149 516 638 72.894323
mdaV2 1572.995416 214 343 98.612149 516 638 72.894323
mdaV2 1582.995418 215 346 97.031034 516 638 72.894323
mdaV2 1582.995418 215 346 97.031034 516 638 72.894323
mdaV2 1592.995421 217 348 96.300337 516 638 72.894323
mdaV2 1592.995421 217 348 96.300337 516 638 72.894323
mdaV2 1602.995423 217 350 96.300337 517 639 72.079861
mdaV2 1602.995423 217 350 96.300337 517 639 72.079861
mdaV2 1613.016818 219 352 96.627510 517 639 72.079861
mdaV2 1613.016818 219 352 96.627510 517 639 72.079861
mdaV2 1623.018223 221 354 98.696069 517 639 72.079861
mdaV2 1623.018223 221 354 98.696069 517 639 72.079861
mdaV2 1633.022127 221 354 98.696069 517 639 72.079861
mdaV2 1633.022127 221 354 98.696069 517 639 72.079861
mdaV2 1643.022138 223 357 99.122652 517 639 72.079861
mdaV2 1643.022138 223 357 99.122652 517 639 72.079861
mdaV2 1653.041433 223 358 99.122652 517 639 72.079861
mdaV2 1653.041433 223 358 99.122652 517 639 72.079861
mdaV2 1663.041443 223 359 99.122652 518 640 71.284518
mdaV2 1663.041443 223 359 99.122652 518 640 71.284518
mdaV2 1673.058451 224 361 101.201651 518 640 71.284518
mdaV2 1673.058451 224 361 101.201651 518 640 71.284518
mdaV2 1683.058458 225 365 108.009174 518 640 71.284518
mdaV2 1683.058458 225 365 108.009174 518 640 71.284518
mdaV2 1693.070724 226 369 113.176513 518 641 71.284518
mdaV2 1693.070724 226 369 113.176513 518 641 71.284518
mdaV2 1703.070726 228 372 118.297438 519 641 70.636382
mdaV2 1703.070726 228 372 118.297438 519 641 70.636382
mdaV2 1713.072457 231 376 114.071780 519 641 70.636382
mdaV2 1713.072457 231 376 114.071780 519 641 70.636382
mdaV2 1723.097448 233 377 110.150957 520 642 69.872223
mdaV2 1723.097448 233 377 110.150957 520 642 69.872223
mdaV2 1733.097450 237 378 124.157979 520 642 69.872223
mdaV2 1733.097450 237 378 124.157979 520 642 69.872223
mdaV2 1743.097450 240 379 119.392280 520 642 69.872223
mdaV2 1743.097450 240 379 119.392280 520 642 69.872223
mdaV2 1753.128449 246 382 115.307546 520 642 69.872223
mdaV2 1753.128449 246 382 115.307546 520 642 69.872223
mdaV2 1763.128458 248 385 113.017983 520 646 69.872223
mdaV2 1763.128458 248 385 113.017983 520 646 69.872223
mdaV2 1773.139099 249 386 116.407913 520 666 69.872223
mdaV2 1773.139099 249 386 116.407913 520 666 69.872223
mdaV2 1783.139104 252 387 118.354659 540 686 54.250494
mdaV2 1783.139104 252 387 118.354659 540 686 54.250494
mdaV2 1793.163782 254 390 116.636251 560 706 40.256841
mdaV2 1793.163782 254 390 116.636251 560 706 40.256841
