AppV2 168.411512 3.000000 0.000000 0.000000 0.000000 0.000000
AppV2 178.574438 3.000000 0.000000 21.000000 0.000000 0.000000
AppV2 188.574442 3.000000 0.000000 42.000000 1.000000 1.000000
AppV2 199.411514 3.000000 0.000000 63.000000 1.000000 1.000000
AppV2 209.574440 3.000000 0.000000 84.000000 1.000000 1.000000
AppV2 220.411514 3.000000 0.000000 98.000000 6.000000 6.000000
AppV2 230.414774 4.000000 0.000000 108.000000 17.000000 17.000000
AppV2 240.414777 4.000000 0.000000 118.000000 27.000000 27.000000
AppV2 270.697255 4.000000 0.000000 122.000000 30.000000 30.000000
AppV2 280.880223 4.000000 0.000000 127.000000 30.000000 30.000000
AppV2 291.697250 4.000000 0.000000 148.000000 30.000000 30.000000
AppV2 301.697260 5.000000 0.000000 168.000000 30.000000 30.000000
AppV2 312.411513 5.000000 0.000000 190.000000 30.000000 30.000000
AppV2 322.535031 6.000000 0.000000 215.000000 30.000000 30.000000
AppV2 332.574438 6.000000 0.000000 264.000000 30.000000 30.000000
AppV2 342.880218 6.000000 0.000000 343.000000 30.000000 30.000000
AppV2 353.411510 6.000000 0.000000 374.000000 30.000000 30.000000
AppV2 403.880220 4.000000 0.000000 382.000000 30.000000 30.000000
AppV2 413.880225 4.000000 0.000000 411.000000 30.000000 30.000000
AppV2 424.079083 5.000000 0.000000 452.000000 30.000000 30.000000
AppV2 434.079083 5.000000 0.000000 486.000000 30.000000 30.000000
AppV2 444.079083 6.000000 0.000000 520.000000 30.000000 30.000000
AppV2 454.079084 6.000000 0.000000 540.000000 30.000000 30.000000
AppV2 464.079084 6.000000 0.000000 564.000000 30.000000 30.000000
AppV2 474.079084 6.000000 0.000000 584.000000 30.000000 30.000000
AppV2 484.079084 8.000000 0.000000 612.000000 30.000000 30.000000
AppV2 494.079085 7.000000 0.000000 641.000000 30.000000 30.000000
AppV2 504.079085 7.000000 0.000000 661.000000 30.000000 30.000000
AppV2 514.079085 6.000000 1.000000 681.000000 30.000000 30.000000
AppV2 524.535023 6.000000 1.000000 708.000000 30.000000 30.000000
AppV2 534.535031 7.000000 1.000000 768.000000 30.000000 30.000000
AppV2 544.880223 6.000000 1.000000 803.000000 30.000000 30.000000
AppV2 554.880224 6.000000 1.000000 823.000000 30.000000 30.000000
AppV2 564.880224 6.000000 1.000000 843.000000 30.000000 30.000000
AppV2 574.880224 6.000000 1.000000 863.000000 30.000000 30.000000
AppV2 584.880224 7.000000 1.000000 883.000000 30.000000 30.000000
AppV2 595.551661 9.000000 1.000000 904.000000 30.000000 30.000000
AppV2 606.138842 10.000000 1.000000 939.000000 30.000000 30.000000
AppV2 616.340713 11.000000 1.000000 1003.000000 30.000000 30.000000
AppV2 626.455003 11.000000 2.000000 1075.000000 30.000000 30.000000
AppV2 636.756398 11.000000 2.000000 1125.000000 30.000000 30.000000
AppV2 646.756402 11.000000 2.000000 1165.000000 30.000000 30.000000
AppV2 656.843495 12.000000 2.000000 1190.000000 30.000000 30.000000
AppV2 667.138834 12.000000 2.000000 1255.000000 30.000000 30.000000
AppV2 677.340717 12.000000 2.000000 1342.000000 30.000000 30.000000
AppV2 687.457800 13.000000 2.000000 1404.000000 30.000000 30.000000
AppV2 697.843500 13.000000 2.000000 1448.000000 30.000000 30.000000
AppV2 708.340711 13.000000 2.000000 1481.000000 30.000000 30.000000
AppV2 718.340723 13.000000 2.000000 1502.000000 31.000000 31.000000
AppV2 731.455003 12.000000 2.000000 1504.000000 31.000000 31.000000
AppV2 741.842800 12.000000 2.000000 1527.000000 31.000000 31.000000
AppV2 752.418905 12.000000 2.000000 1550.000000 31.000000 31.000000
AppV2 762.455008 12.000000 2.000000 1587.000000 31.000000 31.000000
AppV2 772.551666 14.000000 4.000000 1652.000000 38.000000 38.000000
AppV2 782.665012 13.000000 4.000000 1700.000000 49.000000 49.000000
AppV2 792.756396 12.000000 4.000000 1751.000000 51.000000 51.000000
AppV2 802.843496 12.000000 4.000000 1818.000000 51.000000 51.000000
AppV2 813.032961 11.000000 4.000000 1860.000000 51.000000 51.000000
AppV2 823.551661 12.000000 5.000000 1902.000000 51.000000 51.000000
AppV2 833.756404 11.000000 5.000000 1945.000000 51.000000 51.000000
AppV2 859.868962 10.000000 5.000000 1972.000000 51.000000 51.000000
AppV2 870.551655 12.000000 5.000000 1998.000000 51.000000 51.000000
AppV2 880.551662 11.000000 5.000000 2022.000000 51.000000 51.000000
AppV2 890.572824 11.000000 5.000000 2041.000000 51.000000 51.000000
AppV2 900.868967 10.000000 5.000000 2082.000000 51.000000 51.000000
AppV2 911.001060 13.000000 5.000000 2114.000000 51.000000 51.000000
AppV2 921.572813 13.000000 5.000000 2142.000000 51.000000 51.000000
AppV2 931.628067 15.000000 5.000000 2228.000000 51.000000 51.000000
AppV2 941.628068 15.000000 5.000000 2321.000000 51.000000 51.000000
AppV2 951.795188 16.000000 5.000000 2455.000000 51.000000 51.000000
AppV2 961.868959 15.000000 5.000000 2553.000000 60.000000 60.000000
AppV2 971.868961 13.000000 5.000000 2654.000000 63.000000 63.000000
AppV2 982.349896 13.000000 5.000000 2697.000000 63.000000 63.000000
AppV2 992.349899 11.000000 5.000000 2717.000000 63.000000 63.000000
AppV2 1002.486464 12.000000 5.000000 2750.000000 63.000000 63.000000
AppV2 1012.486466 12.000000 6.000000 2818.000000 63.000000 63.000000
AppV2 1022.486468 11.000000 6.000000 2908.000000 63.000000 63.000000
AppV2 1032.486472 10.000000 6.000000 2986.000000 63.000000 63.000000
AppV2 1042.572821 10.000000 6.000000 3049.000000 63.000000 63.000000
AppV2 1052.572826 11.000000 8.000000 3089.000000 63.000000 63.000000
AppV2 1062.897497 11.000000 8.000000 3127.000000 63.000000 63.000000
AppV2 1072.897500 9.000000 8.000000 3160.000000 63.000000 63.000000
AppV2 1082.897504 10.000000 8.000000 3199.000000 63.000000 63.000000
AppV2 1092.897505 8.000000 8.000000 3244.000000 63.000000 63.000000
AppV2 1103.319407 7.000000 8.000000 3286.000000 63.000000 63.000000
AppV2 1113.349892 7.000000 8.000000 3346.000000 63.000000 63.000000
AppV2 1123.897501 8.000000 9.000000 3393.000000 63.000000 63.000000
AppV2 1133.897501 9.000000 9.000000 3413.000000 63.000000 63.000000
AppV2 1143.897502 9.000000 9.000000 3433.000000 63.000000 63.000000
AppV2 1153.897502 9.000000 9.000000 3453.000000 63.000000 63.000000
AppV2 1163.897503 8.000000 9.000000 3473.000000 63.000000 63.000000
AppV2 1173.897504 9.000000 9.000000 3501.000000 63.000000 63.000000
AppV2 1183.897507 11.000000 9.000000 3541.000000 63.000000 63.000000
AppV2 1194.319400 10.000000 9.000000 3582.000000 63.000000 63.000000
AppV2 1204.319405 9.000000 9.000000 3622.000000 63.000000 63.000000
AppV2 1214.349892 9.000000 9.000000 3648.000000 63.000000 63.000000
AppV2 1224.349895 9.000000 9.000000 3668.000000 63.000000 63.000000
AppV2 1234.349898 8.000000 9.000000 3688.000000 63.000000 63.000000
AppV2 1244.349901 9.000000 9.000000 3717.000000 63.000000 63.000000
AppV2 1254.624054 10.000000 10.000000 3743.000000 63.000000 63.000000
AppV2 1269.045190 10.000000 10.000000 3751.000000 63.000000 63.000000
AppV2 1298.897498 12.000000 10.000000 3753.000000 63.000000 63.000000
AppV2 1313.897496 11.000000 10.000000 3759.000000 63.000000 63.000000
AppV2 1323.942130 11.000000 10.000000 3779.000000 63.000000 63.000000
AppV2 1333.942135 11.000000 10.000000 3800.000000 63.000000 63.000000
AppV2 1344.018391 11.000000 10.000000 3855.000000 63.000000 63.000000
AppV2 1354.087518 11.000000 10.000000 3906.000000 63.000000 63.000000
AppV2 1364.172661 10.000000 11.000000 3957.000000 63.000000 63.000000
AppV2 1374.172670 10.000000 11.000000 4011.000000 63.000000 63.000000
AppV2 1384.897495 10.000000 11.000000 4080.000000 63.000000 63.000000
AppV2 1394.897496 9.000000 14.000000 4180.000000 63.000000 63.000000
AppV2 1404.897497 9.000000 17.000000 4260.000000 63.000000 63.000000
AppV2 1414.897498 10.000000 17.000000 4326.000000 63.000000 63.000000
AppV2 1424.897499 11.000000 17.000000 4400.000000 63.000000 63.000000
AppV2 1434.897499 12.000000 17.000000 4474.000000 63.000000 63.000000
AppV2 1445.010228 9.000000 17.000000 4527.000000 63.000000 68.000000
AppV2 1455.067472 9.000000 17.000000 4561.000000 63.000000 70.000000
AppV2 1465.087517 10.000000 17.000000 4570.000000 63.000000 70.000000
AppV2 1475.087519 9.000000 17.000000 4590.000000 63.000000 70.000000
AppV2 1485.959247 9.000000 17.000000 4611.000000 63.000000 70.000000
AppV2 1496.064931 8.000000 17.000000 4621.000000 63.000000 70.000000
AppV2 1506.064940 9.000000 17.000000 4639.000000 63.000000 70.000000
AppV2 1516.087519 9.000000 17.000000 4680.000000 63.000000 70.000000
AppV2 1526.492627 9.000000 17.000000 4721.000000 63.000000 70.000000
AppV2 1536.492631 8.000000 17.000000 4795.000000 63.000000 70.000000
AppV2 1553.598703 8.000000 17.000000 4810.000000 67.000000 74.000000
AppV2 1566.598712 7.000000 17.000000 4817.000000 72.000000 80.000000
AppV2 1576.733667 6.000000 17.000000 4822.000000 72.000000 84.000000
AppV2 1598.492630 8.000000 17.000000 4824.000000 72.000000 84.000000
AppV2 1608.733669 8.000000 18.000000 4853.000000 72.000000 84.000000
AppV2 1618.817706 9.000000 18.000000 4878.000000 72.000000 84.000000
AppV2 1631.404189 9.000000 18.000000 4899.000000 72.000000 84.000000
AppV2 1641.404195 9.000000 18.000000 4937.000000 72.000000 84.000000
AppV2 1654.404196 9.000000 18.000000 4961.000000 72.000000 84.000000
AppV2 1673.404198 10.000000 18.000000 4979.000000 72.000000 84.000000
AppV2 1683.634021 11.000000 18.000000 5011.000000 72.000000 84.000000
AppV2 1694.404197 10.000000 18.000000 5035.000000 72.000000 84.000000
AppV2 1721.404190 10.000000 18.000000 5058.000000 72.000000 84.000000
AppV2 1731.745078 8.000000 18.000000 5068.000000 72.000000 84.000000
AppV2 1742.182505 9.000000 18.000000 5077.000000 72.000000 84.000000
AppV2 1752.182512 8.000000 18.000000 5097.000000 72.000000 84.000000
AppV2 1762.454266 8.000000 18.000000 5136.000000 72.000000 84.000000
AppV2 1772.598700 8.000000 18.000000 5163.000000 72.000000 84.000000
AppV2 1782.598703 8.000000 18.000000 5185.000000 76.000000 88.000000
AppV2 1793.090903 6.000000 18.000000 5194.000000 93.000000 105.000000
