mdaV2 168.411512 0 4 0.000000 0 1 0.000000
mdaV2 168.411512 0 4 0.000000 0 1 0.000000
mdaV2 178.574438 0 4 0.000000 0 1 0.000000
mdaV2 178.574438 0 4 0.000000 0 1 0.000000
mdaV2 188.574442 0 4 0.000000 1 1 150.414778
mdaV2 188.574442 0 4 0.000000 1 1 150.414778
mdaV2 199.411514 0 4 0.000000 1 1 150.414778
mdaV2 199.411514 0 4 0.000000 1 1 150.414778
mdaV2 209.574440 0 4 0.000000 1 1 150.414778
mdaV2 209.574440 0 4 0.000000 1 1 150.414778
mdaV2 220.411514 0 4 0.000000 1 1 150.414778
mdaV2 220.411514 0 4 0.000000 1 1 150.414778
mdaV2 230.414774 0 5 0.000000 1 1 150.414778
mdaV2 230.414774 0 5 0.000000 1 1 150.414778
mdaV2 240.414777 0 5 0.000000 1 1 150.414778
mdaV2 240.414777 0 5 0.000000 1 1 150.414778
mdaV2 270.697255 0 6 0.000000 1 1 150.414778
mdaV2 270.697255 0 6 0.000000 1 1 150.414778
mdaV2 280.880223 0 6 0.000000 1 1 150.414778
mdaV2 280.880223 0 6 0.000000 1 1 150.414778
mdaV2 291.697250 0 6 0.000000 1 1 150.414778
mdaV2 291.697250 0 6 0.000000 1 1 150.414778
mdaV2 301.697260 0 7 0.000000 1 1 150.414778
mdaV2 301.697260 0 7 0.000000 1 1 150.414778
mdaV2 312.411513 0 7 0.000000 1 1 150.414778
mdaV2 312.411513 0 7 0.000000 1 1 150.414778
mdaV2 322.535031 0 8 0.000000 1 1 150.414778
mdaV2 322.535031 0 8 0.000000 1 1 150.414778
mdaV2 332.574438 0 8 0.000000 1 1 150.414778
mdaV2 332.574438 0 8 0.000000 1 1 150.414778
mdaV2 342.880218 0 8 0.000000 1 1 150.414778
mdaV2 342.880218 0 8 0.000000 1 1 150.414778
mdaV2 353.411510 0 8 0.000000 1 1 150.414778
mdaV2 353.411510 0 8 0.000000 1 1 150.414778
mdaV2 403.880220 0 9 0.000000 1 1 150.414778
mdaV2 403.880220 0 9 0.000000 1 1 150.414778
mdaV2 413.880225 0 9 0.000000 1 1 150.414778
mdaV2 413.880225 0 9 0.000000 1 1 150.414778
mdaV2 424.079083 0 10 0.000000 1 1 150.414778
mdaV2 424.079083 0 10 0.000000 1 1 150.414778
mdaV2 434.079083 0 10 0.000000 1 1 150.414778
mdaV2 434.079083 0 10 0.000000 1 1 150.414778
mdaV2 444.079083 0 11 0.000000 1 1 150.414778
mdaV2 444.079083 0 11 0.000000 1 1 150.414778
mdaV2 454.079084 0 11 0.000000 1 1 150.414778
mdaV2 454.079084 0 11 0.000000 1 1 150.414778
mdaV2 464.079084 0 11 0.000000 1 1 150.414778
mdaV2 464.079084 0 11 0.000000 1 1 150.414778
mdaV2 474.079084 0 11 0.000000 1 1 150.414778
mdaV2 474.079084 0 11 0.000000 1 1 150.414778
mdaV2 484.079084 0 13 0.000000 1 1 150.414778
mdaV2 484.079084 0 13 0.000000 1 1 150.414778
mdaV2 494.079085 0 13 0.000000 1 1 150.414778
mdaV2 494.079085 0 13 0.000000 1 1 150.414778
mdaV2 504.079085 0 13 0.000000 1 1 150.414778
mdaV2 504.079085 0 13 0.000000 1 1 150.414778
mdaV2 514.079085 1 13 243.880217 1 1 150.414778
mdaV2 514.079085 1 13 243.880217 1 1 150.414778
mdaV2 524.535023 1 13 243.880217 1 1 150.414778
mdaV2 524.535023 1 13 243.880217 1 1 150.414778
mdaV2 534.535031 1 14 243.880217 1 1 150.414778
mdaV2 534.535031 1 14 243.880217 1 1 150.414778
mdaV2 544.880223 1 14 243.880217 1 1 150.414778
mdaV2 544.880223 1 14 243.880217 1 1 150.414778
mdaV2 554.880224 1 14 243.880217 1 1 150.414778
mdaV2 554.880224 1 14 243.880217 1 1 150.414778
mdaV2 564.880224 1 14 243.880217 1 1 150.414778
mdaV2 564.880224 1 14 243.880217 1 1 150.414778
mdaV2 574.880224 1 14 243.880217 1 1 150.414778
mdaV2 574.880224 1 14 243.880217 1 1 150.414778
mdaV2 584.880224 1 15 243.880217 1 1 150.414778
mdaV2 584.880224 1 15 243.880217 1 1 150.414778
mdaV2 595.551661 1 19 243.880217 1 1 150.414778
mdaV2 595.551661 1 19 243.880217 1 1 150.414778
mdaV2 606.138842 1 20 243.880217 1 1 150.414778
mdaV2 606.138842 1 20 243.880217 1 1 150.414778
mdaV2 616.340713 1 21 243.880217 1 1 150.414778
mdaV2 616.340713 1 21 243.880217 1 1 150.414778
mdaV2 626.455003 2 21 128.169009 1 1 150.414778
mdaV2 626.455003 2 21 128.169009 1 1 150.414778
mdaV2 636.756398 2 21 128.169009 1 1 150.414778
mdaV2 636.756398 2 21 128.169009 1 1 150.414778
mdaV2 646.756402 2 21 128.169009 1 2 150.414778
mdaV2 646.756402 2 21 128.169009 1 2 150.414778
mdaV2 656.843495 2 22 128.169009 1 2 150.414778
mdaV2 656.843495 2 22 128.169009 1 2 150.414778
mdaV2 667.138834 2 22 128.169009 1 2 150.414778
mdaV2 667.138834 2 22 128.169009 1 2 150.414778
mdaV2 677.340717 2 22 128.169009 1 2 150.414778
mdaV2 677.340717 2 22 128.169009 1 2 150.414778
mdaV2 687.457800 2 23 128.169009 1 2 150.414778
mdaV2 687.457800 2 23 128.169009 1 2 150.414778
mdaV2 697.843500 2 23 128.169009 1 2 150.414778
mdaV2 697.843500 2 23 128.169009 1 2 150.414778
mdaV2 708.340711 2 23 128.169009 1 2 150.414778
mdaV2 708.340711 2 23 128.169009 1 2 150.414778
mdaV2 718.340723 2 23 128.169009 2 2 112.539900
mdaV2 718.340723 2 23 128.169009 2 2 112.539900
mdaV2 731.455003 2 24 128.169009 2 2 112.539900
mdaV2 731.455003 2 24 128.169009 2 2 112.539900
mdaV2 741.842800 2 25 128.169009 2 2 112.539900
mdaV2 741.842800 2 25 128.169009 2 2 112.539900
mdaV2 752.418905 2 26 128.169009 2 2 112.539900
mdaV2 752.418905 2 26 128.169009 2 2 112.539900
mdaV2 762.455008 2 27 128.169009 2 2 112.539900
mdaV2 762.455008 2 27 128.169009 2 2 112.539900
mdaV2 772.551666 3 29 102.060272 2 2 112.539900
mdaV2 772.551666 3 29 102.060272 2 2 112.539900
mdaV2 782.665012 3 29 102.060272 2 2 112.539900
mdaV2 782.665012 3 29 102.060272 2 2 112.539900
mdaV2 792.756396 3 29 102.060272 2 2 112.539900
mdaV2 792.756396 3 29 102.060272 2 2 112.539900
mdaV2 802.843496 3 29 102.060272 2 2 112.539900
mdaV2 802.843496 3 29 102.060272 2 2 112.539900
mdaV2 813.032961 3 29 102.060272 2 2 112.539900
mdaV2 813.032961 3 29 102.060272 2 2 112.539900
mdaV2 823.551661 4 30 162.433119 2 2 112.539900
mdaV2 823.551661 4 30 162.433119 2 2 112.539900
mdaV2 833.756404 4 30 162.433119 2 2 112.539900
mdaV2 833.756404 4 30 162.433119 2 2 112.539900
mdaV2 859.868962 4 31 162.433119 2 2 112.539900
mdaV2 859.868962 4 31 162.433119 2 2 112.539900
mdaV2 870.551655 4 33 162.433119 2 2 112.539900
mdaV2 870.551655 4 33 162.433119 2 2 112.539900
mdaV2 880.551662 4 34 162.433119 2 2 112.539900
mdaV2 880.551662 4 34 162.433119 2 2 112.539900
mdaV2 890.572824 4 35 162.433119 2 2 112.539900
mdaV2 890.572824 4 35 162.433119 2 2 112.539900
mdaV2 900.868967 4 35 162.433119 2 2 112.539900
mdaV2 900.868967 4 35 162.433119 2 2 112.539900
mdaV2 911.001060 4 38 162.433119 2 2 112.539900
mdaV2 911.001060 4 38 162.433119 2 2 112.539900
mdaV2 921.572813 4 38 162.433119 2 2 112.539900
mdaV2 921.572813 4 38 162.433119 2 2 112.539900
mdaV2 931.628067 4 40 162.433119 2 2 112.539900
mdaV2 931.628067 4 40 162.433119 2 2 112.539900
mdaV2 941.628068 4 40 162.433119 2 2 112.539900
mdaV2 941.628068 4 40 162.433119 2 2 112.539900
mdaV2 951.795188 4 40 162.433119 2 3 112.539900
mdaV2 951.795188 4 40 162.433119 2 3 112.539900
mdaV2 961.868959 4 40 162.433119 3 3 78.494944
mdaV2 961.868959 4 40 162.433119 3 3 78.494944
mdaV2 971.868961 4 40 162.433119 3 3 78.494944
mdaV2 971.868961 4 40 162.433119 3 3 78.494944
mdaV2 982.349896 4 41 162.433119 3 3 78.494944
mdaV2 982.349896 4 41 162.433119 3 3 78.494944
mdaV2 992.349899 4 41 162.433119 3 3 78.494944
mdaV2 992.349899 4 41 162.433119 3 3 78.494944
mdaV2 1002.486464 4 43 162.433119 3 3 78.494944
mdaV2 1002.486464 4 43 162.433119 3 3 78.494944
mdaV2 1012.486466 5 43 156.920354 3 3 78.494944
mdaV2 1012.486466 5 43 156.920354 3 3 78.494944
mdaV2 1022.486468 5 44 156.920354 3 3 78.494944
mdaV2 1022.486468 5 44 156.920354 3 3 78.494944
mdaV2 1032.486472 5 44 156.920354 3 3 78.494944
mdaV2 1032.486472 5 44 156.920354 3 3 78.494944
mdaV2 1042.572821 5 44 156.920354 3 3 78.494944
mdaV2 1042.572821 5 44 156.920354 3 3 78.494944
mdaV2 1052.572826 5 47 156.920354 3 3 78.494944
mdaV2 1052.572826 5 47 156.920354 3 3 78.494944
mdaV2 1062.897497 5 47 156.920354 3 3 78.494944
mdaV2 1062.897497 5 47 156.920354 3 3 78.494944
mdaV2 1072.897500 5 47 156.920354 3 3 78.494944
mdaV2 1072.897500 5 47 156.920354 3 3 78.494944
mdaV2 1082.897504 5 48 156.920354 3 3 78.494944
mdaV2 1082.897504 5 48 156.920354 3 3 78.494944
mdaV2 1092.897505 5 48 156.920354 3 3 78.494944
mdaV2 1092.897505 5 48 156.920354 3 3 78.494944
mdaV2 1103.319407 5 48 156.920354 3 3 78.494944
mdaV2 1103.319407 5 48 156.920354 3 3 78.494944
mdaV2 1113.349892 5 48 156.920354 3 3 78.494944
mdaV2 1113.349892 5 48 156.920354 3 3 78.494944
mdaV2 1123.897501 6 49 162.991945 3 3 78.494944
mdaV2 1123.897501 6 49 162.991945 3 3 78.494944
mdaV2 1133.897501 6 50 162.991945 3 3 78.494944
mdaV2 1133.897501 6 50 162.991945 3 3 78.494944
mdaV2 1143.897502 6 50 162.991945 3 3 78.494944
mdaV2 1143.897502 6 50 162.991945 3 3 78.494944
mdaV2 1153.897502 6 50 162.991945 3 3 78.494944
mdaV2 1153.897502 6 50 162.991945 3 3 78.494944
mdaV2 1163.897503 6 50 162.991945 3 3 78.494944
mdaV2 1163.897503 6 50 162.991945 3 3 78.494944
mdaV2 1173.897504 6 51 162.991945 3 3 78.494944
mdaV2 1173.897504 6 51 162.991945 3 3 78.494944
mdaV2 1183.897507 6 53 162.991945 3 3 78.494944
mdaV2 1183.897507 6 53 162.991945 3 3 78.494944
mdaV2 1194.319400 6 53 162.991945 3 3 78.494944
mdaV2 1194.319400 6 53 162.991945 3 3 78.494944
mdaV2 1204.319405 6 53 162.991945 3 3 78.494944
mdaV2 1204.319405 6 53 162.991945 3 3 78.494944
mdaV2 1214.349892 6 53 162.991945 3 3 78.494944
mdaV2 1214.349892 6 53 162.991945 3 3 78.494944
mdaV2 1224.349895 6 53 162.991945 3 3 78.494944
mdaV2 1224.349895 6 53 162.991945 3 3 78.494944
mdaV2 1234.349898 6 53 162.991945 3 3 78.494944
mdaV2 1234.349898 6 53 162.991945 3 3 78.494944
mdaV2 1244.349901 6 54 162.991945 3 3 78.494944
mdaV2 1244.349901 6 54 162.991945 3 3 78.494944
mdaV2 1254.624054 6 55 162.991945 3 3 78.494944
mdaV2 1254.624054 6 55 162.991945 3 3 78.494944
mdaV2 1269.045190 6 55 162.991945 3 3 78.494944
mdaV2 1269.045190 6 55 162.991945 3 3 78.494944
mdaV2 1298.897498 6 59 162.991945 3 3 78.494944
mdaV2 1298.897498 6 59 162.991945 3 3 78.494944
mdaV2 1313.897496 6 59 162.991945 3 3 78.494944
mdaV2 1313.897496 6 59 162.991945 3 3 78.494944
mdaV2 1323.942130 6 59 162.991945 3 3 78.494944
mdaV2 1323.942130 6 59 162.991945 3 3 78.494944
mdaV2 1333.942135 6 59 162.991945 3 4 78.494944
mdaV2 1333.942135 6 59 162.991945 3 4 78.494944
mdaV2 1344.018391 6 59 162.991945 3 4 78.494944
mdaV2 1344.018391 6 59 162.991945 3 4 78.494944
mdaV2 1354.087518 6 59 162.991945 3 4 78.494944
mdaV2 1354.087518 6 59 162.991945 3 4 78.494944
mdaV2 1364.172661 7 59 157.732047 3 4 78.494944
mdaV2 1364.172661 7 59 157.732047 3 4 78.494944
mdaV2 1374.172670 7 59 157.732047 3 4 78.494944
mdaV2 1374.172670 7 59 157.732047 3 4 78.494944
mdaV2 1384.897495 7 59 157.732047 3 4 78.494944
mdaV2 1384.897495 7 59 157.732047 3 4 78.494944
mdaV2 1394.897496 7 59 157.732047 3 4 78.494944
mdaV2 1394.897496 7 59 157.732047 3 4 78.494944
mdaV2 1404.897497 7 59 157.732047 3 4 78.494944
mdaV2 1404.897497 7 59 157.732047 3 4 78.494944
mdaV2 1414.897498 7 60 157.732047 3 4 78.494944
mdaV2 1414.897498 7 60 157.732047 3 4 78.494944
mdaV2 1424.897499 7 61 157.732047 3 4 78.494944
mdaV2 1424.897499 7 61 157.732047 3 4 78.494944
mdaV2 1434.897499 7 62 157.732047 3 4 78.494944
mdaV2 1434.897499 7 62 157.732047 3 4 78.494944
mdaV2 1445.010228 7 62 157.732047 3 4 78.494944
mdaV2 1445.010228 7 62 157.732047 3 4 78.494944
mdaV2 1455.067472 7 62 157.732047 3 4 78.494944
mdaV2 1455.067472 7 62 157.732047 3 4 78.494944
mdaV2 1465.087517 7 64 157.732047 3 4 78.494944
mdaV2 1465.087517 7 64 157.732047 3 4 78.494944
mdaV2 1475.087519 7 64 157.732047 3 4 78.494944
mdaV2 1475.087519 7 64 157.732047 3 4 78.494944
mdaV2 1485.959247 7 65 157.732047 3 4 78.494944
mdaV2 1485.959247 7 65 157.732047 3 4 78.494944
mdaV2 1496.064931 7 65 157.732047 3 4 78.494944
mdaV2 1496.064931 7 65 157.732047 3 4 78.494944
mdaV2 1506.064940 7 66 157.732047 3 4 78.494944
mdaV2 1506.064940 7 66 157.732047 3 4 78.494944
mdaV2 1516.087519 7 66 157.732047 3 4 78.494944
mdaV2 1516.087519 7 66 157.732047 3 4 78.494944
mdaV2 1526.492627 7 66 157.732047 3 4 78.494944
mdaV2 1526.492627 7 66 157.732047 3 4 78.494944
mdaV2 1536.492631 7 66 157.732047 3 4 78.494944
mdaV2 1536.492631 7 66 157.732047 3 4 78.494944
mdaV2 1553.598703 7 67 157.732047 4 4 111.623765
mdaV2 1553.598703 7 67 157.732047 4 4 111.623765
mdaV2 1566.598712 7 67 157.732047 4 4 111.623765
mdaV2 1566.598712 7 67 157.732047 4 4 111.623765
mdaV2 1576.733667 7 67 157.732047 4 4 111.623765
mdaV2 1576.733667 7 67 157.732047 4 4 111.623765
mdaV2 1598.492630 7 69 157.732047 4 4 111.623765
mdaV2 1598.492630 7 69 157.732047 4 4 111.623765
mdaV2 1608.733669 8 69 156.077121 4 4 111.623765
mdaV2 1608.733669 8 69 156.077121 4 4 111.623765
mdaV2 1618.817706 8 70 156.077121 4 4 111.623765
mdaV2 1618.817706 8 70 156.077121 4 4 111.623765
mdaV2 1631.404189 8 70 156.077121 4 4 111.623765
mdaV2 1631.404189 8 70 156.077121 4 4 111.623765
mdaV2 1641.404195 8 71 156.077121 4 4 111.623765
mdaV2 1641.404195 8 71 156.077121 4 4 111.623765
mdaV2 1654.404196 8 71 156.077121 4 4 111.623765
mdaV2 1654.404196 8 71 156.077121 4 4 111.623765
mdaV2 1673.404198 8 73 156.077121 4 4 111.623765
mdaV2 1673.404198 8 73 156.077121 4 4 111.623765
mdaV2 1683.634021 8 74 156.077121 4 4 111.623765
mdaV2 1683.634021 8 74 156.077121 4 4 111.623765
mdaV2 1694.404197 8 75 156.077121 4 4 111.623765
mdaV2 1694.404197 8 75 156.077121 4 4 111.623765
mdaV2 1721.404190 8 76 156.077121 4 4 111.623765
mdaV2 1721.404190 8 76 156.077121 4 4 111.623765
mdaV2 1731.745078 8 76 156.077121 4 4 111.623765
mdaV2 1731.745078 8 76 156.077121 4 4 111.623765
mdaV2 1742.182505 8 77 156.077121 4 4 111.623765
mdaV2 1742.182505 8 77 156.077121 4 4 111.623765
mdaV2 1752.182512 8 77 156.077121 4 4 111.623765
mdaV2 1752.182512 8 77 156.077121 4 4 111.623765
mdaV2 1762.454266 8 77 156.077121 4 4 111.623765
mdaV2 1762.454266 8 77 156.077121 4 4 111.623765
mdaV2 1772.598700 8 78 156.077121 4 4 111.623765
mdaV2 1772.598700 8 78 156.077121 4 4 111.623765
mdaV2 1782.598703 8 78 156.077121 8 9 55.811938
mdaV2 1782.598703 8 78 156.077121 8 9 55.811938
mdaV2 1793.090903 8 78 156.077121 24 30 18.604054
mdaV2 1793.090903 8 78 156.077121 25 30 17.859896
